ra_j2000_hours=18.0843275725695
dec_j2000_degrees=-24.2917814814644
arcsec_per_pixel=0.637996482354185
rot_angle_degs=179.032008807591
